$ 1 0.000005 10.20027730826997 50 5 50 5e-11
a 2512 288 2624 288 8 15 -15 1000000 0.00001499962500712488 0 100000
w 2512 272 2416 272 2
w 2416 208 2416 144 0
w 2416 144 2368 144 2
w 2416 272 2368 272 0
w 2416 352 2416 416 0
w 2416 416 2368 416 0
w 2512 304 2512 384 0
w 2624 288 2704 288 2
w 2512 272 2512 208 0
w 2512 208 2528 208 0
r 2528 208 2592 208 0 2000
w 2592 208 2624 208 0
w 2624 208 2624 288 0
r 2368 144 2304 144 0 12000
r 2368 272 2304 272 0 12000
r 2368 416 2304 416 0 12000
g 2512 384 2512 416 0 0
w 2304 144 2256 144 2
w 2304 272 2256 272 2
w 2304 416 2256 416 2
a 2160 144 2256 144 9 15 -15 1000000 2.999970000299997 3 100000
w 2160 160 2128 160 0
w 2128 160 2128 192 0
w 2128 192 2256 192 0
w 2256 192 2256 144 0
w 2160 128 2096 128 0
w 2160 256 2096 256 0
w 2256 320 2256 272 0
w 2128 320 2256 320 0
w 2128 288 2128 320 0
w 2160 288 2128 288 0
a 2160 272 2256 272 9 15 -15 1000000 2.999970000299997 3 100000
w 2160 400 2096 400 0
w 2256 464 2256 416 0
w 2128 464 2256 464 0
w 2128 432 2128 464 0
w 2160 432 2128 432 0
a 2160 416 2256 416 9 15 -15 1000000 2.999970000299997 3 100000
w 2416 208 2416 272 0
w 2416 272 2416 352 0
a 2816 304 2960 304 8 15 -15 1000000 -0.000014999325020624469 0 100000
r 2704 288 2768 288 0 1000
w 2768 288 2816 288 0
w 2816 288 2816 208 0
w 2816 208 2848 208 0
r 2848 208 2928 208 0 1000
w 2928 208 2960 208 0
w 2960 208 2960 304 0
w 2960 304 3040 304 2
w 2816 320 2816 384 0
g 2816 384 2816 416 0 0
w 2096 128 1936 128 0
w 1936 128 1936 288 0
w 1664 480 1984 480 0
w 1984 480 1984 256 0
w 1984 256 2096 256 0
w 1920 816 2032 816 0
w 2032 816 2032 400 0
w 2032 400 2096 400 0
w 1936 288 1840 288 0
S 1840 288 1776 288 0 0 false 0 2
S 1664 480 1632 480 0 0 false 0 2
S 1920 816 1872 816 0 0 false 0 2
R 1776 272 1728 272 0 0 40 9.2 0 0 0.5
R 1776 304 1728 304 0 0 40 3 0 0 0.5
R 1632 464 1584 464 0 0 40 9.2 0 0 0.5
R 1632 496 1584 496 0 0 40 3 0 0 0.5
R 1872 800 1824 800 0 0 40 9.2 0 0 0.5
R 1872 832 1824 832 0 0 40 3 0 0 0.5
a 2480 640 2624 640 9 15 -15 1000000 3 2.999970000299997 100000
w 2624 640 2736 640 0
w 2736 640 2736 688 0
162 2736 688 2736 736 2 default-led 1 0 0 0.01
w 2736 736 2736 784 0
g 2736 784 2736 832 0 0
w 2256 464 2256 624 0
w 2256 624 2480 624 0
w 1872 832 1872 912 0
w 1872 912 2480 912 0
w 2480 912 2480 656 0
